UNSORTED ARRAYS
94 18 38 100 23 12 19 36 73 19 54 16 28 80 1 26 56 80 12 25 51 36 71 29 96 87 38 53 55 56 41 53 94 20 24 45 19 45 31 61 15 20 50 62 94 12 81 9 12 7 46 86 95 73 3 40 62 38 77 52 54 17 53 19 90 11 62 99 5 68 11 80 95 16 51 99 55 8 42 52 23 72 2 69 69 4 34 38 62 26 82 54 24 11 51 30 72 51 3 32 24 
0 1 2 3 4 5 6 7 8 9 10 11 12 13 14 15 16 17 18 19 20 21 22 23 24 25 26 27 28 29 30 31 32 33 34 35 36 37 38 39 40 41 42 43 44 45 46 47 48 49 50 51 52 53 54 55 56 57 58 59 60 61 62 63 64 65 66 67 68 69 70 71 72 73 74 75 76 77 78 79 80 81 82 83 84 85 86 87 88 89 90 98 28 71 65 12 13 89 53 77 22 
100 99 98 97 96 95 94 93 92 91 90 89 88 87 86 85 84 83 82 81 80 79 78 77 76 75 74 73 72 71 70 69 68 67 66 65 64 63 62 61 60 59 58 57 56 55 54 53 52 51 50 49 48 47 46 45 44 43 42 41 40 39 38 37 36 35 34 33 32 31 30 29 28 27 26 25 24 23 22 21 20 19 18 17 16 15 14 13 12 11 10 73 100 78 98 18 28 83 26 3 85 
0 1 2 3 4 5 6 7 8 9 10 11 12 13 14 15 16 17 18 19 20 21 22 23 24 25 26 27 28 29 30 31 32 33 34 35 36 37 38 39 40 41 42 43 44 45 46 47 48 49 50 51 52 53 54 55 56 57 58 59 60 61 62 63 64 65 66 67 68 69 70 71 72 73 74 75 76 77 78 79 80 81 82 83 84 85 86 87 88 89 90 13 23 13 98 1 43 18 98 89 92 
SORTED ARRAYS 
Quick Sort: 
1 2 3 3 4 5 7 8 9 11 11 11 12 12 12 12 15 16 16 17 18 19 19 19 19 20 20 23 23 24 24 25 26 26 28 29 30 31 32 34 36 36 38 38 38 38 40 41 42 45 45 46 50 51 51 51 51 52 52 53 53 53 54 54 54 55 55 56 56 61 62 62 62 62 68 69 69 71 72 72 73 73 77 80 80 80 81 82 86 87 90 94 94 94 95 95 96 99 99 100 
0 1 2 3 4 5 6 7 8 9 10 11 12 12 13 13 14 15 16 17 18 19 20 21 22 23 24 25 26 27 28 28 29 30 31 32 33 34 35 36 37 38 39 40 41 42 43 44 45 46 47 48 49 50 51 52 53 53 54 55 56 57 58 59 60 61 62 63 64 65 65 66 67 68 69 70 71 71 72 73 74 75 76 77 77 78 79 80 81 82 83 84 85 86 87 88 89 89 90 98 
3 10 11 12 13 14 15 16 17 18 18 19 20 21 22 23 24 25 26 26 27 28 28 29 30 31 32 33 34 35 36 37 38 39 40 41 42 43 44 45 46 47 48 49 50 51 52 53 54 55 56 57 58 59 60 61 62 63 64 65 66 67 68 69 70 71 72 73 73 74 75 76 77 78 78 79 80 81 82 83 83 84 85 85 86 87 88 89 90 91 92 93 94 95 96 97 98 98 99 100 
0 1 1 2 3 4 5 6 7 8 9 10 11 12 13 13 13 14 15 16 17 18 18 19 20 21 22 23 23 24 25 26 27 28 29 30 31 32 33 34 35 36 37 38 39 40 41 42 43 43 44 45 46 47 48 49 50 51 52 53 54 55 56 57 58 59 60 61 62 63 64 65 66 67 68 69 70 71 72 73 74 75 76 77 78 79 80 81 82 83 84 85 86 87 88 89 89 90 98 98 